1000 2000
657 628
276 890
895 97
413 790
969 842
915 278
670 137
580 480
995 359
995 507
84 812
678 82
965 685
425 319
236 839
842 244
819 469
133 713
917 897
854 885
91 120
162 760
257 94
591 603
804 585
461 888
397 139
969 361
175 393
31 762
583 224
357 401
692 490
465 608
738 318
844 828
790 357
939 46
450 529
1000 606
466 461
493 214
951 813
574 125
205 956
238 139
179 594
540 870
83 356
829 173
26 672
1000 815
28 291
212 830
171 211
435 636
23 279
849 973
91 774
449 295
81 686
785 259
280 676
128 714
32 308
886 57
331 238
223 359
528 786
540 698
996 326
686 19
604 886
343 694
12 792
340 92
477 124
351 756
800 830
822 183
138 707
591 468
944 813
178 823
598 69
521 945
394 558
315 997
443 658
690 454
801 29
546 277
505 896
385 304
77 206
838 214
264 428
34 560
240 563
382 189
632 254
133 25
811 800
22 606
457 63
59 257
444 956
885 948
851 621
603 928
178 440
493 442
867 878
1 458
441 734
998 72
988 130
448 150
929 821
755 737
236 166
345 679
121 582
978 324
554 932
603 732
723 95
173 941
325 525
398 117
610 395
188 597
876 987
99 157
808 853
245 395
370 942
73 491
523 402
814 76
333 416
159 407
862 331
347 186
207 96
302 817
842 841
765 69
180 863
577 339
68 822
733 789
763 805
279 637
558 92
64 242
859 223
648 721
905 346
258 112
441 912
280 634
752 396
702 283
259 279
621 678
100 353
466 214
509 97
850 66
540 265
307 399
487 306
471 392
651 728
855 91
639 134
724 743
529 778
25 139
56 998
168 507
350 986
720 859
82 921
276 621
185 583
19 24
240 841
415 891
569 269
333 559
754 409
653 634
186 30
773 241
27 292
747 376
277 818
586 358
90 862
331 626
796 701
649 35
542 63
925 462
683 258
372 436
666 25
422 851
406 546
443 432
837 541
159 114
710 745
823 799
958 153
776 753
854 425
787 395
839 64
208 522
673 579
309 338
955 730
540 360
275 334
791 464
226 302
577 935
46 399
85 355
904 860
107 757
284 245
503 123
308 62
996 980
640 656
669 595
738 560
954 364
893 97
827 118
398 755
404 795
154 488
149 409
348 607
517 983
851 371
457 159
432 804
490 423
460 159
17 549
718 323
912 963
771 739
80 520
493 836
666 998
323 814
758 22
772 274
357 622
644 165
132 75
969 622
850 780
780 866
328 497
540 591
811 662
681 243
181 174
78 846
523 752
11 281
126 782
554 482
756 550
998 887
976 966
508 825
97 287
43 776
136 582
719 946
244 399
188 776
572 265
974 447
369 336
727 494
118 632
975 225
533 972
111 509
290 971
333 738
609 375
866 744
309 584
42 904
982 581
31 906
198 4
352 566
340 430
59 809
413 385
33 946
356 495
454 997
465 138
735 74
865 952
169 525
535 210
428 516
143 810
421 340
814 772
905 505
553 963
313 966
699 697
911 54
543 716
403 360
205 489
785 69
440 953
593 974
515 372
489 657
182 262
996 347
385 252
851 938
566 515
903 264
563 165
669 105
232 71
464 436
911 248
857 702
553 449
675 419
821 516
427 354
777 774
700 161
25 550
450 590
416 704
853 978
868 873
82 451
944 898
887 206
497 743
908 401
543 934
819 715
449 245
68 577
18 119
90 42
20 539
983 435
243 187
412 462
60 494
913 355
743 151
560 239
245 467
640 139
401 810
854 201
55 273
778 72
744 867
466 763
757 800
198 999
987 609
461 46
454 725
400 548
227 311
787 471
130 778
609 882
587 814
434 993
439 211
417 182
429 882
944 186
681 493
536 19
454 348
64 259
72 815
807 298
478 945
120 607
74 81
840 660
246 273
5 684
836 421
217 264
654 513
801 686
5 689
705 810
36 768
69 108
935 875
757 412
171 229
370 244
309 209
255 554
481 259
590 316
679 158
932 684
670 84
370 27
772 74
836 808
193 904
267 127
130 375
890 300
603 259
543 911
467 150
817 300
408 758
615 439
915 898
122 585
982 491
963 753
916 798
560 109
54 178
235 535
553 125
187 155
735 81
418 202
230 586
853 638
343 467
428 609
717 901
545 698
744 507
450 659
305 362
767 710
539 354
244 91
830 782
598 564
863 15
765 92
600 617
81 294
436 508
902 504
409 447
201 152
953 2
810 609
715 929
670 254
282 266
696 111
47 293
674 909
659 791
353 610
759 433
903 546
941 157
49 701
955 249
204 259
603 365
220 317
293 889
922 926
154 970
388 553
614 62
813 273
204 165
234 962
598 489
860 890
645 908
590 951
509 145
209 111
509 428
779 802
669 701
727 822
22 467
726 635
528 539
259 83
703 493
396 300
981 255
541 977
163 482
927 23
626 135
133 135
915 263
936 583
315 14
756 336
480 482
971 359
20 581
793 74
73 189
726 405
795 266
381 957
748 307
331 725
794 463
859 708
726 146
642 392
512 397
728 343
878 50
702 249
630 846
323 703
34 400
107 829
665 840
137 764
146 468
489 291
282 347
350 359
845 991
751 356
388 830
698 617
879 751
218 860
597 892
562 982
291 21
162 955
212 651
71 709
470 559
1000 751
257 349
462 101
340 564
456 79
393 506
47 623
256 264
482 204
507 396
186 797
768 347
104 979
349 174
687 818
732 38
921 340
387 734
441 78
297 248
508 41
105 554
15 361
170 496
564 676
243 101
473 10
800 576
340 148
101 27
966 184
416 238
523 802
971 315
231 267
563 738
659 667
292 673
379 461
520 295
136 763
395 960
772 546
887 464
694 987
842 11
170 257
248 693
59 218
359 289
836 273
379 846
292 670
518 670
482 37
316 969
799 63
929 923
608 815
386 653
154 579
663 323
835 262
367 245
831 78
886 666
350 264
511 641
933 380
311 414
417 978
734 567
40 662
841 648
829 578
652 982
156 315
656 991
928 375
235 759
452 472
776 801
735 639
442 19
18 104
784 786
81 518
705 121
179 545
120 7
475 771
340 630
437 996
972 365
370 559
123 173
30 898
973 765
888 766
783 906
869 567
691 950
84 747
422 614
292 893
621 766
663 312
747 452
307 719
816 28
277 290
200 658
539 525
422 427
290 557
684 511
475 374
812 558
121 233
523 764
477 495
881 491
807 627
942 465
697 109
845 325
750 44
983 289
920 756
67 562
312 750
72 786
475 883
695 947
467 218
62 943
712 942
433 870
921 727
335 617
835 179
942 585
574 276
225 494
31 291
55 695
392 478
832 866
360 879
165 826
448 226
120 511
168 552
381 88
278 715
56 465
245 997
401 818
624 625
663 7
267 69
701 658
546 884
875 257
762 39
82 209
265 201
72 784
105 452
871 734
518 926
550 762
275 950
931 250
926 946
256 192
366 956
201 264
192 428
520 953
466 954
514 82
506 585
865 610
388 87
696 905
13 245
18 639
195 300
888 120
245 496
664 611
451 216
874 994
643 745
947 461
698 812
894 204
748 759
165 135
845 860
39 209
105 408
199 651
707 439
122 952
934 137
914 736
353 139
730 347
883 28
159 581
839 53
136 938
163 300
72 359
160 110
568 616
869 118
266 575
908 739
878 841
876 791
929 228
281 658
926 164
37 437
96 227
489 231
164 3
882 235
361 393
696 280
8 564
398 625
138 305
364 368
498 239
158 426
818 791
435 743
954 471
531 401
49 19
631 212
21 864
798 734
257 493
13 264
408 762
889 897
419 252
264 916
842 774
693 659
564 479
753 869
301 284
269 349
302 251
912 675
114 709
760 370
201 772
986 960
886 874
856 304
477 120
571 318
245 263
976 808
93 80
676 393
363 296
741 17
546 652
691 659
360 450
381 912
573 366
223 458
591 78
761 419
549 683
736 793
297 63
952 389
142 979
781 505
274 873
521 819
524 563
830 235
364 562
498 288
927 720
746 869
150 858
287 698
541 374
843 189
788 794
578 281
125 358
137 398
231 657
569 106
571 398
693 286
959 542
574 237
614 671
105 763
880 743
812 420
116 654
961 903
800 538
535 924
895 672
321 477
328 889
935 251
638 979
888 948
520 461
184 485
483 640
247 363
382 59
134 849
64 94
103 863
631 638
138 878
309 811
706 988
699 640
238 689
970 126
636 842
938 820
326 421
811 573
783 193
983 268
41 398
362 144
613 992
781 750
221 89
560 927
76 611
918 666
299 888
143 934
729 80
105 406
852 916
330 986
460 312
254 500
62 615
995 674
958 775
423 179
215 335
105 643
945 374
308 243
261 450
528 341
881 985
747 85
252 76
70 711
740 675
562 801
289 557
826 599
683 248
777 898
582 233
540 878
606 199
120 219
648 1000
559 880
336 657
964 587
85 386
649 176
60 210
976 701
118 153
299 801
752 427
50 334
659 941
211 616
139 683
186 138
34 97
17 369
753 333
955 189
718 603
364 777
164 691
829 282
843 127
434 595
553 483
280 563
423 842
531 913
524 716
50 909
812 66
277 917
750 583
105 467
537 469
596 701
159 424
334 354
903 767
948 807
601 227
370 375
68 252
287 944
967 336
204 131
753 481
47 503
63 151
321 952
971 268
652 482
44 337
835 946
103 134
752 55
360 473
429 779
724 715
74 691
402 278
821 506
758 219
360 172
721 681
475 692
300 126
525 343
814 359
288 268
492 40
322 203
512 102
333 588
168 407
278 569
684 450
427 793
20 786
316 740
466 791
783 118
916 307
460 82
17 748
349 860
139 23
62 2
124 747
589 292
153 218
212 836
19 638
628 38
424 943
778 241
85 560
358 353
219 170
434 235
917 782
447 407
804 860
760 280
606 701
571 758
918 134
945 289
772 924
326 547
219 455
787 303
367 497
655 585
666 88
171 934
222 969
340 377
829 451
656 786
151 578
544 421
712 840
709 483
764 34
29 982
841 167
284 207
663 291
143 328
378 313
261 599
634 952
328 462
403 983
247 553
561 142
973 272
982 681
754 745
67 134
78 907
300 713
465 963
3 607
642 733
271 255
683 904
206 10
717 960
993 316
865 553
457 837
824 790
870 929
534 288
414 963
546 713
676 10
27 30
968 669
762 238
923 445
494 480
454 210
440 446
525 304
350 334
492 525
123 713
805 9
1000 218
971 897
931 998
906 309
28 873
977 789
463 251
233 956
731 39
165 522
484 42
825 186
375 668
710 497
381 515
505 732
732 828
629 14
825 886
323 852
759 651
641 573
902 225
528 984
263 44
857 99
437 33
284 811
700 993
660 80
859 516
164 591
343 792
604 168
677 278
371 787
929 363
359 182
588 238
517 202
634 373
652 70
405 935
233 456
280 892
888 138
759 51
80 102
842 684
621 518
313 991
305 241
354 15
774 293
253 290
846 238
662 498
307 418
432 539
874 63
782 761
201 893
811 280
994 4
315 966
521 628
308 177
220 661
544 994
305 796
635 151
33 649
648 691
66 431
582 291
494 715
403 46
607 565
677 952
568 344
917 441
323 225
969 542
237 512
887 542
659 522
692 43
170 691
734 587
121 667
230 966
381 632
11 988
549 40
939 116
383 208
908 705
432 877
598 668
388 485
561 399
358 604
441 879
294 174
465 767
840 694
732 573
678 743
560 578
134 850
45 516
57 953
572 488
181 169
508 568
653 420
966 362
24 759
240 669
932 705
435 124
750 167
696 779
261 607
356 394
456 401
909 513
705 480
352 885
1000 211
804 5
983 122
366 6
880 606
674 163
662 461
638 411
627 333
542 239
291 897
632 99
649 892
963 353
723 666
237 722
877 41
726 859
162 92
216 41
49 241
203 710
701 841
472 679
525 13
917 168
262 900
266 910
791 228
615 865
893 851
587 121
243 664
331 404
755 898
796 155
139 351
864 191
543 336
222 419
700 138
586 961
390 203
223 180
782 837
45 27
39 983
147 282
646 830
37 753
727 833
907 217
535 123
760 429
810 981
847 509
470 785
822 859
339 396
39 121
584 435
499 622
417 645
255 62
826 292
166 553
476 73
121 362
547 880
790 356
860 636
216 330
772 37
188 111
784 578
583 367
12 81
341 780
77 595
194 903
238 359
807 65
783 279
426 329
159 215
36 18
203 252
699 326
640 239
788 424
816 370
142 180
802 482
959 879
429 152
133 18
863 291
83 997
569 860
326 727
427 713
97 629
964 147
954 604
385 742
379 201
463 520
380 265
354 690
495 134
194 627
151 408
917 585
404 837
445 81
916 871
794 12
851 757
158 156
712 543
249 90
95 712
610 826
328 315
515 822
448 708
448 950
115 716
535 871
904 331
951 819
553 744
830 403
853 340
910 564
234 159
654 328
222 615
153 549
929 19
370 728
79 169
677 545
236 563
415 139
893 366
958 797
461 139
199 313
830 461
229 63
619 882
742 840
848 246
740 776
617 109
503 695
629 531
239 216
94 6
706 338
371 15
135 183
154 685
496 335
145 76
750 763
957 491
954 804
89 693
931 705
153 785
399 133
315 989
348 408
994 54
746 716
68 880
899 573
916 746
908 61
821 657
175 129
499 129
284 587
173 566
291 326
350 41
810 664
30 158
424 375
563 169
91 630
400 341
203 315
86 462
375 258
470 902
738 968
30 21
555 554
586 197
231 935
238 41
950 619
198 373
993 760
893 435
741 292
775 295
959 212
108 685
821 577
586 558
545 615
578 451
521 515
647 751
801 236
791 751
854 340
475 199
451 368
633 544
11 760
838 969
971 946
654 792
522 239
701 418
206 279
868 726
145 515
828 946
750 971
48 956
310 874
154 113
241 138
656 604
249 845
790 577
363 664
168 415
81 725
45 301
802 190
167 629
487 268
599 534
223 261
759 728
373 1000
218 380
955 466
224 878
37 366
455 751
381 974
166 813
698 210
113 499
399 279
479 237
547 430
122 121
690 881
201 414
232 418
145 186
883 368
63 920
85 869
22 817
842 187
630 891
749 94
389 147
725 220
736 623
649 857
95 338
737 295
103 968
712 247
153 595
966 216
866 403
436 887
219 278
426 200
168 174
294 909
672 370
128 407
344 128
264 438
465 352
733 919
320 444
165 472
390 130
39 607
532 475
494 103
104 271
302 271
444 947
531 115
668 10
874 11
137 489
449 953
840 533
871 159
976 387
983 718
869 373
324 752
199 169
854 302
439 508
925 234
454 455
701 122
465 574
484 953
62 932
906 901
464 776
412 792
163 394
861 383
766 536
134 965
705 988
618 495
495 894
81 300
349 781
773 165
706 257
117 767
540 22
19 4
150 430
147 664
823 359
46 941
894 179
257 950
518 226
797 364
120 877
16 820
657 788
984 362
44 452
480 584
826 498
939 975
280 437
990 102
795 35
394 40
565 2
990 435
228 786
798 347
14 165
166 22
953 501
383 348
952 214
931 129
63 221
103 342
9 444
796 155
830 189
195 395
191 536
181 418
321 330
116 686
495 281
707 447
133 441
794 84
654 77
213 716
649 667
410 658
463 205
812 292
745 358
38 935
893 218
704 565
548 171
250 42
803 308
840 935
748 985
371 401
61 583
469 62
601 878
71 63
434 882
707 178
592 744
465 484
962 520
401 861
691 2
902 845
310 93
780 57
77 150
810 138
84 630
551 684
859 621
99 292
854 805
821 445
548 285
281 861
157 681
721 199
34 974
43 343
66 822
400 495
323 209
984 406
838 534
442 696
154 892
339 7
696 159
804 595
796 436
808 952
468 528
150 501
854 192
844 271
366 243
765 40
803 748
446 992
281 239
39 786
130 729
793 177
887 948
123 682
383 930
633 850
458 134
350 663
678 193
933 43
787 698
434 941
797 879
284 78
469 674
863 598
402 7
126 289
306 249
322 688
178 307
889 987
440 591
649 117
135 934
511 922
631 945
214 427
175 850
856 996
523 71
593 925
429 71
565 735
319 238
774 848
544 663
835 336
253 483
804 387
416 667
660 398
963 226
177 489
75 384
484 597
454 429
873 883
499 789
969 817
27 742
16 922
756 850
609 8
685 413
747 452
431 758
850 393
983 378
233 409
113 717
358 567
145 230
801 643
19 769
811 397
862 826
670 618
28 279
977 712
43 723
163 473
833 364
217 167
741 449
576 854
517 933
772 661
162 924
655 532
44 817
280 905
995 950
522 22
228 851
733 270
925 247
94 757
611 662
924 703
462 499
908 979
431 31
991 944
954 646
828 997
814 107
254 808
408 127
181 635
977 265
256 902
512 701
658 474
362 581
528 824
431 436
154 213
466 144
509 772
141 336
120 307
794 373
466 202
500 647
188 828
263 796
729 126
848 739
599 210
671 479
385 102
914 890
666 731
33 174
502 526
509 622
832 655
346 297
208 845
295 747
25 558
542 753
35 742
843 986
951 514
464 687
967 377
928 632
459 312
806 313
837 666
286 20
320 631
669 879
828 963
626 852
872 519
956 259
260 799
244 562
312 707
600 630
435 527
261 893
839 418
205 27
84 490
47 755
473 715
634 300
29 259
151 253
777 106
511 37
256 754
598 919
812 550
548 246
76 809
490 914
226 47
941 661
888 339
416 360
53 49
659 433
659 161
37 435
619 547
823 874
652 773
145 463
322 692
708 749
852 550
663 430
596 955
90 483
293 505
843 697
905 853
481 915
14 518
702 984
64 524
209 68
648 353
530 321
45 590
70 896
139 84
325 734
38 415
216 330
271 410
378 528
263 858
442 628
375 143
611 791
19 819
858 18
172 739
339 568
328 760
463 818
843 140
903 232
554 471
913 176
880 290
55 494
499 497
121 874
991 731
16 361
902 225
379 425
963 69
992 643
180 454
460 374
593 715
605 498
185 869
26 64
158 80
558 8
928 30
881 271
113 248
631 14
472 361
438 435
429 781
429 960
586 240
333 531
954 289
28 138
157 405
554 666
837 463
674 764
844 906
386 956
154 17
321 625
377 110
411 158
890 191
469 476
431 802
6 384
442 385
874 599
790 779
264 626
593 289
741 436
195 127
392 348
495 712
324 223
822 87
732 711
277 201
538 707
354 543
443 795
928 316
745 69
