80
44 75 863160106937800
62 28 726891453828164
54 27 490890906614934
84 62 647659626026068
57 28 953264747243259
84 23 553867396101894
54 39 823592159675517
31 11 497650315045440
88 74 968404309462097
74 1 656380281680257
28 79 435865843044215
25 12 490641967812432
36 81 628992912919755
43 71 675486881002476
91 48 263063311702501
71 21 195337618582131
39 10 486534643556950
59 65 692189349835890
46 39 880037392485759
24 22 138507791891118
99 11 549286416671963
45 42 188546948329022
70 36 538173038924925
46 93 689932065562560
99 36 133473495377874
99 10 104635969679616
81 96 681862642658952
92 56 998425171277170
85 90 696028274018895
41 81 411037958189335
74 63 487226245317944
29 19 981285292619107
19 27 749177298845499
52 70 538486734050508
35 84 687398295347581
57 26 619701220194408
57 93 579733738117412
25 49 130309571979398
16 51 869945983437023
77 44 301611944873601
33 47 234233215612599
45 36 271519432519308
66 79 35861852747440
20 23 761311297427597
77 28 826229095939191
81 54 493032824252664
59 96 993437129973764
51 87 773007609569068
23 83 400590196449398
85 19 92459035436766
51 51 62743381814162
33 22 252972788342317
79 61 868705644931961
67 59 181623284989290
45 77 77512712501186
10 95 433108007289320
53 85 8319398380129
39 38 823666952584807
61 41 354544163739236
2 93 867074914456027
39 32 99366939530646
92 5 117219767574822
44 88 389126811291238
1 6 684035475637386
59 5 639668154411730
48 49 83525681132650
44 8 134129942268510
14 46 662665242895653
80 53 82720650911069
18 23 755674106790741
42 13 524154721221246
56 94 284882220458974
3 67 726650036877491
73 2 128813052914951
59 68 210753086344281
74 73 654096843408849
60 6 248549420750961
79 29 590453378119696
36 72 713300156170325
69 44 837960150443058
320
D 10 4
U 28 47
L 84 71
L 42 59
D 66 11
U 42 24
D 27 55
U 57 63
U 28 4
D 93 54
U 8 22
D 15 45
R 97 8
U 95 44
L 58 77
D 61 51
L 76 54
L 18 24
U 53 8
L 46 59
U 8 1
R 92 16
D 51 46
L 47 32
R 43 31
D 65 15
R 18 33
D 33 57
U 52 37
L 10 57
U 2 69
D 37 60
R 95 78
U 58 80
R 68 60
R 94 46
D 27 76
D 95 61
D 52 15
U 80 22
R 68 55
R 79 54
U 76 17
L 7 62
U 67 73
R 64 78
U 59 47
R 31 65
L 45 59
U 7 5
D 13 73
R 66 54
L 14 11
U 7 55
R 91 7
L 8 27
D 26 32
L 62 23
L 1 8
D 45 9
D 57 16
L 90 3
R 33 60
L 79 40
D 85 39
D 23 4
U 34 12
R 96 58
R 56 26
R 64 59
D 51 49
U 85 52
U 44 40
R 56 45
D 74 17
L 18 60
D 49 42
R 79 9
L 36 10
U 14 39
D 75 5
D 26 59
D 85 62
R 21 10
D 38 67
U 29 17
L 2 62
D 82 40
R 32 5
U 50 78
R 86 73
D 44 71
D 18 74
D 39 12
U 85 5
U 94 43
L 87 19
D 98 7
R 74 1
D 71 42
L 56 77
U 26 58
L 71 52
D 82 2
U 18 65
L 53 16
D 3 76
U 69 76
L 29 10
U 22 15
D 11 50
U 68 22
D 20 69
U 53 46
R 89 40
R 65 71
U 60 27
U 27 1
U 97 32
L 51 77
D 92 36
D 5 78
R 34 49
R 99 71
D 90 27
D 93 80
R 99 17
U 100 16
U 43 3
D 51 10
R 46 78
D 35 77
U 44 15
R 46 72
D 72 73
D 43 35
R 11 21
L 26 10
D 8 46
R 37 9
D 35 43
R 63 53
L 37 75
R 80 2
R 44 39
U 71 65
D 23 56
U 13 5
U 18 25
U 86 67
R 21 80
U 13 51
U 67 56
D 20 16
D 18 1
L 54 38
D 21 62
D 65 24
U 89 3
R 88 2
R 7 78
R 49 19
U 44 15
D 91 46
U 32 9
L 89 7
R 10 75
R 5 73
D 100 76
R 1 47
U 50 44
L 29 13
U 3 54
D 60 33
R 80 31
R 58 38
U 12 71
U 17 56
D 84 13
U 82 63
L 46 48
L 50 64
D 4 48
D 76 7
R 39 37
U 56 58
D 38 60
D 53 23
R 18 2
U 20 1
L 48 52
R 63 40
L 10 1
L 36 43
D 33 37
R 82 23
U 21 6
U 15 12
L 69 67
L 29 4
U 100 63
R 31 79
D 51 65
R 14 73
R 82 9
U 84 63
U 81 65
D 85 4
D 11 47
D 94 48
R 69 68
U 27 27
D 71 68
U 56 78
L 4 15
L 59 45
L 23 48
L 38 51
D 56 29
L 43 47
L 22 73
D 88 62
R 7 70
L 36 32
U 63 7
R 67 63
U 34 47
L 84 60
L 85 48
D 3 47
L 68 11
U 29 3
D 70 21
R 41 50
U 59 66
R 54 78
D 60 67
D 59 19
D 87 31
L 5 7
U 55 58
L 57 42
R 37 33
D 19 3
L 56 29
R 53 28
R 20 14
U 30 64
R 20 38
R 99 60
U 8 33
U 21 44
L 73 44
D 28 54
R 16 56
D 3 56
R 56 38
D 60 31
R 49 14
U 9 4
D 93 29
D 68 69
U 12 76
D 97 40
R 64 74
U 19 4
U 68 18
D 70 23
D 84 37
D 99 42
D 67 78
D 47 40
R 43 3
R 42 30
L 68 44
D 71 25
D 60 48
U 2 79
D 30 53
L 11 56
U 48 18
R 100 53
U 82 27
R 23 64
L 98 9
D 22 45
R 49 51
D 40 65
U 4 69
R 39 27
R 57 72
L 1 7
R 39 76
U 82 20
L 30 5
R 46 9
R 96 3
L 53 68
L 33 66
D 19 33
D 10 42
D 76 43
L 64 11
R 63 12
D 19 27
U 47 19
U 69 44
U 96 38
U 33 62
R 5 10
U 78 17
D 53 51
R 23 6
U 27 18
R 85 24
U 44 78
U 27 2
D 36 21
D 58 24
D 47 47
