110
1 2
2 3
2 4
1 5
5 6
6 7
6 8
1 9
2 10
7 11
7 12
11 13
1 14
6 15
8 16
3 17
11 18
2 19
19 20
17 21
13 22
14 23
7 24
2 25
5 26
26 27
21 28
22 29
2 30
22 31
11 32
4 33
19 34
13 35
7 36
36 37
3 38
9 39
26 40
16 41
8 42
22 43
14 44
37 45
35 46
21 47
40 48
35 49
19 50
26 51
23 52
9 53
20 54
24 55
32 56
48 57
51 58
30 59
54 60
7 61
7 62
44 63
41 64
21 65
5 66
64 67
11 68
22 69
47 70
64 71
27 72
16 73
63 74
58 75
55 76
20 77
10 78
72 79
24 80
47 81
48 82
4 83
12 84
46 85
16 86
47 87
30 88
44 89
16 90
13 91
18 92
73 93
41 94
70 95
27 96
59 97
85 98
68 99
89 100
4 101
24 102
83 103
85 104
78 105
30 106
65 107
45 108
42 109
26 110
