321
334
334
334
334
334
334
334
334
334
334
334
334
334
334
334
334
334
109
334
334
334
332
334
187
334
334
221
334
334
334
334
334
334
334
334
334
327
334
334
334
334
334
334
334
334
329
334
334
334
37
334
334
58
334
286
334
334
321
334
334
334
109
298
334
334
334
334
334
334
150
334
334
334
334
245
334
334
334
334
187
182
334
334
334
334
334
334
249
334
334
334
334
334
334
334
334
334
94
334
334
334
334
334
334
311
334
334
334
334
334
332
334
334
334
334
311
334
334
286
334
334
221
311
334
334
334
334
334
334
334
334
329
334
329
334
145
334
334
334
334
334
334
334
334
334
221
334
149
334
334
221
334
334
249
334
321
334
334
334
334
265
334
334
334
334
334
334
334
270
334
334
321
61
334
221
270
58
334
268
334
334
286
334
249
140
334
334
334
334
300
334
334
334
334
334
334
334
334
334
334
332
334
334
334
334
329
56
334
334
334
334
334
334
334
334
286
334
334
334
334
334
59
311
334
249
334
334
334
334
334
334
334
334
334
334
334
334
334
334
334
334
334
334
334
334
334
60
334
334
334
334
334
334
334
334
334
334
60
334
334
334
270
334
318
334
334
334
53
307
334
87
334
334
334
334
215
334
334
334
334
334
334
286
334
109
334
334
334
334
48
334
334
334
321
334
109
334
334
334
334
329
334
334
334
334
286
334
334
221
334
334
334
321
140
334
334
332
334
334
334
334
334
334
334
329
334
334
334
334
334
334
334
334
334
334
334
334
149
334
334
334
334
105
334
334
311
334
102
334
334
334
334
334
334
334
321
37
334
334
334
334
138
307
334
334
334
182
286
334
334
334
334
334
334
182
334
329
334
334
334
334
300
334
321
334
334
334
59
221
318
334
334
334
108
334
334
334
334
334
334
334
221
334
334
321
321
334
334
334
334
334
332
334
334
334
334
334
334
334
334
334
334
334
334
334
334
334
334
334
334
334
334
61
334
334
334
334
334
334
334
265
332
334
334
334
334
334
137
334
334
334
261
334
332
334
334
311
334
334
334
334
334
334
334
334
279
334
334
334
334
334
334
321
334
334
334
334
270
221
300
329
334
334
334
334
109
334
334
334
334
283
329
334
334
334
334
334
334
334
