60 500
1 2 7
2 3 9
3 4 1
2 5 3
5 6 2
6 7 8
5 8 9
6 9 8
1 10 7
6 11 2
6 12 10
3 13 9
2 14 6
4 15 2
6 16 8
10 17 9
15 18 7
1 19 10
18 20 10
3 21 8
7 22 8
9 23 4
16 24 4
12 25 2
5 26 9
13 27 7
14 28 6
7 29 5
20 30 6
23 31 8
11 32 3
19 33 9
28 34 4
13 35 9
18 36 3
2 37 7
5 38 5
36 39 8
24 40 6
4 41 1
3 42 6
5 43 4
8 44 6
34 45 3
16 46 5
1 47 6
43 48 8
42 49 7
29 50 7
49 51 10
49 52 5
25 53 1
13 54 1
26 55 1
6 56 1
19 57 1
57 58 2
48 59 9
7 60 2
27 11
38 24
51 55
42 26
52 36
56 18
42 23
55 24
34 43
3 54
5 51
11 45
57 55
3 17
29 46
48 56
19 47
33 25
50 2
29 14
32 34
56 24
39 13
55 50
43 4
54 49
26 39
33 5
13 22
59 28
15 33
19 46
10 34
27 52
57 52
25 55
11 28
41 12
1 41
45 27
16 35
6 38
34 41
54 30
57 47
19 52
29 12
37 30
13 30
21 55
41 1
29 37
48 43
24 1
19 48
15 8
37 26
6 20
49 11
49 51
34 38
41 59
20 2
32 9
3 24
25 44
13 43
26 53
45 60
40 41
48 3
29 54
5 16
18 26
17 45
22 6
57 42
36 54
2 16
40 59
34 4
39 4
48 46
46 56
36 32
26 17
2 15
30 54
20 6
42 48
45 28
1 56
49 41
49 36
26 51
46 20
23 60
45 24
11 2
25 22
38 38
44 50
36 31
28 14
53 47
6 10
5 29
2 58
26 45
35 50
9 51
50 13
28 23
16 27
40 39
8 32
21 10
40 52
57 48
26 8
9 49
9 31
29 5
49 10
51 54
36 16
28 59
13 18
44 47
25 28
51 15
24 33
16 12
51 56
55 12
60 17
39 3
7 60
10 59
52 47
2 60
51 28
45 21
8 55
15 20
34 24
48 5
8 50
45 3
14 59
7 39
33 5
5 45
44 39
17 6
57 27
46 11
31 39
34 22
41 30
54 48
52 7
56 33
28 52
50 32
10 41
38 48
24 42
12 34
31 7
26 28
30 27
6 11
33 1
22 39
18 5
3 7
40 1
52 50
21 7
39 33
12 22
3 8
33 36
34 6
26 3
30 59
2 55
47 27
57 26
22 9
15 14
6 25
14 46
44 50
22 27
48 15
14 34
9 43
48 47
49 42
33 13
8 18
36 34
51 46
54 32
37 12
36 1
38 43
32 42
8 14
28 45
18 47
29 33
19 18
52 17
21 8
17 16
41 20
6 53
24 31
42 51
43 1
35 10
51 21
34 6
42 50
36 53
17 60
9 57
5 36
43 52
7 25
45 51
35 39
9 42
32 51
43 43
52 15
35 17
14 34
15 60
44 55
46 42
38 60
27 47
38 42
7 1
52 37
15 43
24 26
16 16
58 55
1 58
6 49
22 35
26 19
6 28
9 1
53 51
37 47
20 19
20 7
43 26
60 11
28 49
4 23
10 36
25 1
41 10
37 31
41 2
29 54
55 46
37 30
16 47
57 5
11 35
53 16
26 45
26 44
59 46
21 29
22 8
9 45
15 2
56 45
31 48
33 16
45 17
55 1
58 52
27 51
7 60
37 11
46 24
9 2
22 44
51 29
6 43
45 52
28 12
59 40
55 58
14 24
24 32
23 8
59 21
13 49
51 5
20 49
50 37
20 29
49 11
54 3
54 54
6 30
1 13
11 56
19 55
18 16
24 35
47 41
21 14
10 59
47 12
40 29
57 36
39 51
45 46
31 24
53 30
43 36
32 53
39 45
60 42
16 57
37 23
28 3
1 57
60 37
6 48
15 31
14 2
39 45
8 58
20 10
37 52
44 2
46 60
42 15
3 45
60 57
59 31
19 27
4 52
39 11
41 1
54 45
30 46
44 33
34 29
21 3
56 10
10 56
10 33
9 51
39 4
34 8
27 38
29 45
55 22
22 59
35 27
13 15
39 4
33 48
42 12
14 53
48 37
1 23
5 50
45 9
9 43
12 11
55 27
48 40
30 41
59 1
7 5
60 11
50 46
49 32
16 31
59 2
16 56
37 51
60 20
3 21
31 60
26 14
46 17
49 5
5 15
11 48
50 11
48 11
42 40
2 37
30 50
37 53
43 46
5 13
25 34
33 59
13 56
4 50
54 58
4 53
32 50
1 15
17 21
52 40
8 58
39 54
38 38
23 15
27 20
54 19
18 52
39 26
8 22
11 34
18 1
51 14
20 49
2 43
22 36
26 45
30 22
59 56
11 7
27 13
23 29
12 20
37 40
1 42
16 36
37 3
9 25
14 19
1 28
56 7
51 14
35 13
8 21
19 25
37 10
39 45
56 52
31 50
32 25
60 24
26 39
3 28
46 34
54 8
6 38
52 41
53 49
1 18
43 52
2 19
4 11
2 32
13 51
7 25
48 36
14 7
34 5
31 9
8 12
49 16
56 14
2 32
50 40
31 2
20 32
34 24
55 15
6 36
52 8
43 12
10 39
35 49
49 36
47 57
12 56
9 27
59 59
